program results iomwrm

-2.30000E+0000  -2.40000E+0000  -2.50000E+0000  -2.60000E+0000
-3.30000E+0000  -3.40000E+0000  -3.50000E+0000  -3.60000E+0000
-4.30000E+0000  -4.40000E+0000  -4.50000E+0000  -4.60000E+0000

-2.70000E+0000  -2.80000E+0000
-3.70000E+0000  -3.80000E+0000
-4.70000E+0000  -4.80000E+0000

-2.3E+0000  -2.4E+0000  -2.5E+0000  -2.6E+0000  -2.7E+0000  -2.8E+0000
-3.3E+0000  -3.4E+0000  -3.5E+0000  -3.6E+0000  -3.7E+0000  -3.8E+0000
-4.3E+0000  -4.4E+0000  -4.5E+0000  -4.6E+0000  -4.7E+0000  -4.8E+0000
